2	470.2
3	294.0
4	11.2
5	8.3
6	4108.2
7	1331.4
8	41.7
10	330.5
11	23.0
12	779.2
13	46.3
14	224.4
15	98.3
16	3990.5
17	122.3
18	268.6
21	110.8
22	407.3
23	2601.5
24	16.8
25	16.7
26	61.4
27	121.1
28	6.5
29	8.2
30	64.3
31	802.8
32	330.0
33	6.7
34	141.3
35	231.0
36	54.4
37	35.5
38	129.6
40	57.7
41	73.9
42	353.9
43	106.5
44	121.7
45	43.8
47	1.4
48	5.0
49	2.8
50	46.4
53	24.2
54	20.9
55	38.5
56	138.4
57	27.3
58	2.0
59	410.6
60	20.4
61	164.7
62	10.6
63	8.8
64	48.5
65	435.6
66	98.1
67	226.7
68	3.4
69	1.5
70	16.7
71	32.1
72	340.2
73	4.7
74	495.7
75	57.1
76	21.4
77	381.8
78	5.5
79	1.2
80	14.6
82	144.8
83	3.7
84	303.8
85	57.5
86	138.2
87	107.0
88	14.1
89	21.8
90	135.5
91	13.8
92	62.7
93	37.8
94	72.6
95	37.0
96	291.0
97	27.3
98	20.9
99	48.6
100	78.7
101	35.3
102	477.7
103	53.8
104	20.7
105	12.8
106	8.9
107	9.8
108	3.6
109	62.8
110	57.3
111	7.8
112	64.0
113	57.5
114	45.5
115	1.3
116	1762.4
117	5537.7
118	1759.9
119	4404.6
120	6381.5
123	1230.1
125	90.4
126	112.6
128	452.3
129	191.3
131	82.4
132	43.4
134	5891.4
135	44.7
136	165.0
137	212.2
138	367.9
139	177.3
140	2243.7
141	27.5
142	112.5
143	2310.2
144	42.0
145	4.0
146	71.6
147	767.1
148	51.7
149	38.1
150	252.0
151	315.7
153	12.5
154	72.9
155	173.1
156	888.0
157	6.0
160	112.1
161	12.7
162	245.3
163	8.3
164	4493.5
165	10884.7
166	19.0
167	2.2
168	233.2
169	286.0
170	990.5
171	129.2
172	14.6
173	20.2
174	49.0
175	110.5
178	17.1
179	48.7
180	511.1
181	23.0
182	266.6
183	125.1
184	97.2
186	114.0
187	31.6
188	152.6
189	89.7
190	394.0
191	198.4
192	4.9
193	528.1
194	58.7
195	60.7
196	277.5
197	26.7
198	10.6
199	397.3
200	123.9
201	720.0
202	188.1
205	3356.2
206	126.0
208	78.4
209	4.1
210	1.6
211	92.1
212	349.7
213	1.8
214	132.8
215	61.9
216	150.3
217	331.9
218	52.1
219	38.7
220	44.3
223	246.7
224	0.8
225	85.3
226	96.5
227	31.8
228	10.3
229	135.7
231	117.2
232	14.4
233	23.7
234	5.2
235	2.6
236	712.9
237	109.2
238	462.0
239	97.9
240	116.2
241	55.3
242	715.8
243	5.2
244	57.9
245	316.6
246	31.8
247	339.2
248	47.3
249	1907.9
251	8.1
252	77.1
253	144.2
254	5.4
255	42.1
257	54.5
258	529.2
259	320.6
260	223.3
261	32.5
262	2.9
263	3.9
264	467.4
265	115.1
266	99.4
268	30.0
269	5.7
270	11.3
271	145.8
275	85.8
277	34.2
278	16.3
279	676.8
280	105.0
281	73.2
282	1892.9
283	1535.1
284	2424.3
286	456.5
287	369.8
289	4795.1
290	1258.3
291	329.3
292	362.4
293	269.0
294	629.9
295	14790.7
296	133.5
297	1137.1
298	462.1
299	43.5
301	679.3
302	92.2
303	708.3
304	10857.7
305	154.3
306	235.1
307	98.1
308	154.1
310	89.2
311	31.2
315	27.7
316	61.5
317	12.7
318	156.7
319	124.9
320	1862.2
321	4914.7
322	108.6
323	29.7
324	74.2
325	2883.1
326	259.5
327	142.8
328	55.7
329	361.4
330	69.3
331	27.8
333	244.3
335	54.3
336	119.7
337	355.3
338	1346.9
339	0.8
341	106.3
342	159.8
343	55.8
344	49866.4
345	52.9
346	752.3
347	49.3
348	2.7
349	112.4
350	540.1
351	1536.1
352	41.9
353	60.3
354	144.7
355	10.1
357	151.3
358	1346.8
359	25.3
360	516.3
361	182.5
362	551.1
364	96.1
366	708.6
367	72.8
368	69.9
369	1806.6
370	1.2
371	398.3
372	68.9
373	146.9
374	338.4
375	580.0
376	30.9
377	9.1
378	25.5
379	36.9
380	675.4
381	20.6
382	180.3
383	212.9
384	52.4
385	318.6
386	21.3
387	48.4
388	823.8
389	10.2
390	81.4
391	55.1
392	1342.9
394	1591.3
397	34.8
398	26.9
399	15.7
400	17.3
401	1190.1
402	18.6
403	159.2
404	59.2
405	164.5
407	186.0
409	8.0
410	13.3
411	289.4
412	5226.6
413	13.4
414	12.9
415	76.1
416	117.4
417	1131.7
418	18.5
422	250.4
423	0.0
424	16.4
425	176.1
427	101.0
428	12.3
430	60.0
431	231.4
432	8.9
434	67.1
436	57.0
437	47.1
438	38.3
439	397.1
440	240.9
441	33.2
442	0.0
443	27.5
444	121.1
446	69.3
447	37.1
449	39.2
450	20.3
451	69.3
452	160.3
453	38.9
454	98.2
455	97.7
457	2.1
458	0.5
459	79.7
460	134.2
461	276.7
462	69.0
464	249.5
465	935.1
466	3613.4
467	366.6
468	133.7
469	2685.7
470	5259.6
471	747.4
472	285.3
473	1274.7
474	901.4
475	1199.6
476	4518.8
477	7714.3
478	3075.6
479	363.3
480	1353.8
481	333.3
482	837.7
483	679.8
484	2954.4
485	616.2
486	1322.2
487	4753.8
488	214.9
489	1480.2
490	3337.9
491	1046.6
492	407.9
493	714.0
494	782.0
495	687.4
496	1162.1
497	516.5
498	471.7
499	1033.1
500	562.3
501	1552.4
502	276.9
503	1234.7
504	260.9
505	5514.4
506	1315.3
507	1071.4
508	3602.5
509	1241.4
510	1656.6
511	2197.7
512	379.4
513	1412.8
514	4924.6
515	1421.7
516	1233.5
517	1450.3
518	6580.4
519	3335.2
520	2483.7
521	1308.5
522	856.9
523	5478.6
524	269.3
525	2660.6
526	4527.6
527	8288.8
528	762.8
529	15241.0
530	12312.9
531	655.4
532	289.0
533	8497.8
534	2636.1
535	2173.0
536	33.0
537	1822.1
538	361.2
539	3176.3
540	278.3
541	476.0
542	1337.8
543	840.5
544	353.1
545	683.7
546	446.8
547	85.2
548	92.0
549	487.8
550	14.2
551	6.0
552	235.4
553	61.7
554	6.8
555	11.1
556	169.0
557	1715.7
558	25.0
559	224.6
560	242.0
561	423.7
562	839.2
563	692.0
564	82.6
565	395.1
566	40.3
567	38.9
568	102.1
569	19.4
570	271.4
571	311.3
572	14.6
573	40.3
574	28.0
575	290.1
576	82.0
577	28.2
578	102.9
579	125.1
580	150.6
581	54.4
582	163.9
583	1196.3
584	27.6
585	31.9
586	548.7
587	111.0
588	72.3
589	66.2
590	5.0
591	100.0
592	128.1
593	192.6
594	103.1
595	116.4
596	51.4
597	68.8
598	9.5
599	36.7
600	82.7
601	77.7
602	58.0
603	16.6
604	33.4
605	245.3
606	125.5
607	501.2
608	18.1
609	1014.5
610	9.0
611	336.1
612	10.4
613	23.7
614	86.7
615	123.7
616	12.0
617	73.4
618	88.8
619	32.4
620	15.1
621	204.8
622	552.3
623	75.6
624	113.5
625	40.0
626	33.6
627	4.3
628	86.4
629	9.3
630	22.7
631	0.0
632	11.0
633	38.8
634	13.5
635	2345.9
636	76.6
637	197.0
638	35.8
639	32.3
640	43.6
641	0.0
642	200.3
643	59.6
644	82.6
645	15.3
646	64.0
647	12.9
648	38.5
649	9.4
650	99.4
651	24.3
652	249.9
653	4.9
654	33.2
655	50.4
656	51.3
657	16.8
658	2.7
659	12.3
660	3.5
661	364.5
662	314.5
663	4.3
664	8.0
665	7.0
666	214.5
667	56.8
668	28.3
669	2.1
670	7.6
671	121.7
672	1370.7
673	17.7
674	292.5
675	1071.3
676	17.7
677	231.7
678	196.4
679	9.1
680	60.2
681	29.9
682	147.9
683	26.9
684	19.2
685	3.6
686	51.8
687	67.8
688	169.9
689	51.5
690	60.7
691	33.7
692	4.1
693	159.0
694	34.2
695	6.5
696	89.7
697	278.5
698	1.5
699	56.7
700	93.8
701	328.8
702	8.7
703	2275.3
704	9.7
705	0.0
706	66.9
707	8.9
708	139.5
709	242.5
710	106.9
711	30.7
712	6.6
713	5.0
714	13.0
715	40.8
716	5.6
717	2.9
718	14.2
719	10.8
720	3.8
721	9.2
722	9.5
723	253.5
724	15.0
725	5.1
726	5.0
727	26.3
728	31.2
729	3648.9
730	72.1
731	0.4
732	29.1
733	27.7
734	216.0
735	585.6
736	348.0
737	15.1
738	14.6
739	8.9
740	64.7
741	59.0
742	36.7
743	13.8
744	4.2
745	13.1
746	15.6
747	74.1
748	2.5
749	115.7
750	33.0
751	2.8
752	17.7
753	20.5
754	19.9
755	23.9
756	1.2
757	11.9
758	107.2
759	25.9
760	3587.7
761	47.9
762	44.9
763	8.5
764	13.9
765	14.1
766	38.9
767	3.0
768	37.1
769	12.6
770	35.5
771	84.2
772	5.9
773	4.6
774	44.2
775	54.4
776	19.7
777	46.1
778	3.7
779	30.5
780	10.1
781	169.1
782	91.0
783	2.4
784	7.3
785	5.7
786	949.8
787	4.0
788	9.0
789	16.7
790	65.3
791	153.6
792	51.0
793	4.0
794	41.1
795	48.0
796	11.0
797	10.6
798	18.9
799	41.9
800	24.7
801	11.9
802	5.6
803	22.1
804	13.4
805	33.8
806	46.3
807	7.5
808	8.4
809	7.0
810	11.0
811	21.5
812	3.6
813	11.3
814	3.8
815	2.4
816	6.2
817	11.6
818	13.9
819	85.0
820	117.4
821	13.8
822	40.8
823	19.9
824	37.2
825	11.5
826	7.5
827	19.6
828	134.5
829	23.1
830	9.0
831	19.9
832	48.5
833	75.2
834	8.3
835	14.3
836	33.0
837	898.3
838	9.5
839	27.9
840	10.0
841	34.6
842	148.8
843	2.0
844	20.0
845	7.3
846	18.7
847	10.1
848	6.6
849	42.9
850	283.7
851	10.8
852	63.9
853	385.9
854	5.2
855	59.4
856	71.0
857	17.1
858	18.0
859	16.9
860	26.1
861	36.6
862	24.9
863	36.8
864	53.8
865	2.0
866	3.1
867	196.6
868	10.0
869	228.8
870	6.1
871	132.4
872	44.8
873	1.2
874	17.0
875	7.7
876	43.4
877	8.2
878	294.9
879	6.5
880	7.3
881	78.4
882	3.6
883	22.8
884	2175.1
885	34.1
886	394.8
887	9.8
888	7.9
889	13.8
890	37.3
891	5.9
892	54.5
893	92.4
894	16.5
895	7.5
896	164.1
897	57.7
898	33.0
899	1.1
900	18.0
901	105.7
902	4.2
903	66.5
904	43.5
905	14.6
906	6.5
907	26.9
908	6.3
909	15.6
910	3.9
911	19.0
912	353.7
913	22.6
914	6.5
915	3.3
916	10.8
917	8.1
918	0.3
919	17.7
920	3.0
921	16.0
922	27.5
923	5.6
924	9.1
925	656.8
926	8.3
927	4.0
928	2.7
929	22.5
930	9.3
931	125.2
932	12.0
933	5.4
934	15.9
935	24.1
936	36.5
937	1.9
938	139.7
939	24.6
940	1.4
941	32.6
942	4.8
943	11.0
944	94.2
945	37.4
946	31.0
947	76.2
948	19.3
949	4.3
950	5.7
951	5.6
952	344.4
953	0.6
954	5.3
955	3.6
956	11.4
957	403.1
958	1.8
959	5.8
960	9.2
961	8.8
962	6.8
963	45.3
964	4.6
965	32.4
966	40.6
967	62.4
968	2.4
969	24.9
970	2.6
971	117.7
972	40.8
973	100.2
974	39.1
975	247.4
976	137.2
977	8.0
978	202.5
979	4.1
980	11.8
981	5.3
982	39.9
983	10.1
984	3.3
985	96.4
986	47.6
987	79.5
988	15.6
989	8.0
990	94.1
991	27.0
992	26.6
993	23.1
994	470.1
995	60.5
996	7.4
997	4.1
998	2.3
999	46.8
1000	19.6
1001	3.4
1002	7.4
1003	2.5
1004	15.9
1005	13.4
1006	3.8
1007	20.4
1008	10.0
1009	2.3
1010	40.3
1011	142.4
1012	33.5
1013	33.5
1014	18.3
1015	60.1
1016	13.9
1017	3.6
1018	347.9
1019	5.1
1020	11.1
1021	5.9
1022	69.0
1023	3.8
1024	20.1
1025	20.8
1026	15.3
1027	28.8
1028	44.0
1029	173.3
1030	16.9
1031	2.8
1032	85.4
1033	2.0
1034	28.2
1035	5.1
1036	54.0
1037	7.8
1038	20.5
1039	16.6
1040	100.4
1041	18.6
1042	24.1
1043	2.5
1044	31.5
1045	35.9
1046	34.8
1047	24.4
1048	68.6
1049	95.7
1050	273.9
1051	4.2
1052	37.1
1053	8.9
1054	5.1
1055	136.3
1056	38.0
1057	194.1
1058	3.0
1059	15.7
1060	14.9
1061	7.0
1062	76.9
1063	55.7
1064	61.4
1065	9.1
1066	24.6
1067	217.6
1068	38.3
1069	26.1
1070	52.1
1071	9.6
1072	370.7
1073	15.0
1074	4.4
1075	37.7
1076	3.2
1077	27.3
1078	15.4
1079	28.9
1080	69.4
1081	2.7
1082	14.8
1083	22.4
1084	8.3
1085	8.9
1086	7.5
1087	51.6
1088	85.3
1089	22.9
1090	10.0
1091	19.6
1092	14.5
1093	10.4
1094	13.2
1095	18.7
1096	41.8
1097	31.1
1098	30.0
1099	31.6
1100	28.3
1101	50.8
1102	1.3
1103	79.4
1104	58.8
1105	531.3
1106	14.8
1107	49.0
1108	865.2
1109	6.3
1110	4.7
1111	6.0
1112	20.7
1113	29.3
1114	4.7
1115	4.4
1116	82.9
1117	55.8
1118	18.7
1119	83.1
1120	48.3
1121	49.4
1122	117.2
1123	47.4
1124	12.8
1125	23.8
1126	15.9
1127	54.9
1128	16.4
1129	270.4
1130	10.2
1131	0.7
1132	17.7
1133	5.2
1134	99.1
1135	45.9
1136	17.4
1137	21.6
1138	65.1
1139	8.0
1140	97.7
1141	16.6
1142	167.9
1143	2375.1
1144	161.2
1145	157.8
1146	773.3
1147	939.3
1148	1438.2
1149	1072.3
1150	4697.1
1151	1362.5
1152	228.4
1153	268.9
1154	2821.2
1155	504.1
1156	7020.8
1157	3622.4
1158	519.8
1159	424.6
1160	534.2
1161	564.0
1162	1443.1
1163	592.9
1164	414.8
1165	162.2
1166	606.5
1167	6063.6
1168	299.2
1169	325.6
1170	492.8
1171	303.4
1172	543.6
1173	1420.3
1174	127.1
1175	980.5
1176	1351.2
1177	190.6
1178	228.7
1179	385.0
1180	419.5
1181	156.6
1182	1043.3
1183	1078.3
1184	771.6
1185	4707.1
1186	502.0
1187	1336.1
1188	1171.7
1189	332.5
1190	778.0
1191	1485.7
1192	331.3
1193	123.6
1194	475.8
1195	188.1
1196	121.4
1197	695.4
1198	582.4
1199	558.1
1200	255.8
1201	772.3
1202	5514.8
1203	201.7
1204	279.7
1205	658.9
1206	1138.2
1207	979.5
1208	964.2
1209	639.0
1210	820.9
1211	611.4
1212	681.5
1213	1080.6
1214	14396.9
1215	1281.2
1216	1393.8
1217	249.9
1218	327.2
1219	149.3
1220	654.1
1221	735.8
1222	1481.0
1223	1337.9
1224	1574.0
1225	230.0
1226	293.5
1227	729.7
1228	210.0
1229	236.6
1230	464.4
1231	520.5
1232	276.6
1233	247.9
1234	180.7
1235	222.6
1236	425.0
1237	2746.3
1238	188.0
1239	320.5
1240	542.4
1241	4163.6
1242	1361.7
1243	21250.1
1244	2421.2
1245	1624.8
1246	145.8
1247	820.7
1248	164.8
1249	345.8
1250	847.1
1251	873.6
1252	421.7
1253	1394.3
1254	7627.1
1255	828.1
1256	900.9
1257	1341.9
1258	460.0
1259	442.7
1260	559.3
1261	1928.6
1262	1784.2
1263	4682.2
1264	201.5
1265	13085.8
1266	507.8
1267	810.9
1268	987.5
1269	228.9
1270	1624.4
1271	1330.2
1272	623.4
1273	202.3
1274	2512.2
1275	1675.7
1276	364.9
1277	170.5
1278	232.0
1279	1546.1
1280	586.7
1281	1849.6
1282	1122.7
1283	947.0
1284	337.6
1285	1761.1
1286	276.2
1287	165.4
1288	241.4
1289	1744.6
1290	130.3
1291	5083.8
1292	1780.8
1293	558.8
