1	0.514012
2	0.508634
3	0.517433
4	0.410946
5	0.720455
6	0.565195
7	0.547755
8	0.551112
9	0.723584
10	0.545685
11	0.545323
12	0.542804
13	0.597592
14	0.542549
15	0.579752
16	0.587879
17	0.630447
18	0.650498
19	0.817076
20	0.216868
21	0.986427
22	0.446912
23	0.394193
24	0.394845
25	0.399252
26	0.505366
27	0.203454
28	0.366693
29	0.377622
30	0.382567
31	0.381336
32	0.544883
33	0.554725
34	0.523788
35	0.603613
36	0.537188
37	0.594917
38	0.515742
39	0.527273
40	0.529329
41	0.620743
42	0.557807
43	0.517805
44	0.535047
45	0.632984
46	0.592991
47	0.499061
48	0.715839
49	0.504629
50	0.554282
51	0.506601
52	0.499853
53	0.508957
54	0.504020
55	0.518589
56	0.588940
57	0.579226
58	0.426131
59	0.403162
60	0.403398
61	0.408186
62	0.414686
63	0.414769
64	0.688421
65	0.759722
66	0.674772
67	0.677573
68	0.724535
69	0.677585
70	0.544650
71	0.713316
72	0.553279
73	0.641955
74	0.542343
75	0.627911
76	0.649889
77	0.543102
78	0.752679
79	0.633087
80	0.645907
81	0.545772
82	0.722387
84	0.735460
85	0.739338
86	0.709343
87	0.731328
88	0.681428
89	0.707865
90	0.549527
91	0.540970
92	0.673286
93	0.546766
94	0.547056
95	0.647969
96	0.734874
97	0.699261
98	0.723777
99	0.736611
100	0.589626
101	0.676790
102	0.695323
103	0.778044
104	0.682556
105	0.635929
106	0.665237
107	0.706415
108	0.782412
109	0.665635
110	0.766300
111	0.727681
112	0.745164
113	0.651776
114	0.773789
115	0.751396
116	0.816507
117	0.704682
118	0.694782
119	0.847380
120	0.817750
121	0.837371
123	0.678610
124	0.802605
125	0.814632
126	0.657319
127	0.559722
128	0.846836
129	0.814216
131	0.686475
132	0.764886
133	0.725495
134	0.650404
135	0.741807
136	0.636306
137	0.987710
138	0.773079
139	0.782091
140	0.835289
141	0.797899
142	0.543261
143	0.810554
144	0.815077
145	0.674807
146	0.324341
147	0.962932
148	0.988314
149	0.986164
150	0.816446
151	0.914151
152	0.897015
153	0.476392
154	0.742009
155	0.988701
156	0.866697
157	0.735347
158	0.735055
159	0.758423
160	0.758223
161	0.735351
162	0.988634
163	0.745095
164	0.890772
165	0.988722
166	0.866193
167	0.871958
168	0.744926
169	0.880884
170	0.988842
171	0.834420
172	0.893727
173	0.220716
174	0.841794
175	0.882346
176	0.796900
177	0.783672
178	0.824359
179	0.737073
180	0.731833
181	0.764460
182	0.598286
183	0.674151
184	0.210485
185	0.654513
186	0.877762
187	0.537078
188	0.744004
189	0.503376
190	0.284447
191	0.542760
192	0.574857
193	0.618211
194	0.710350
195	0.551887
196	0.655919
197	0.202524
198	0.200324
199	0.692696
200	0.546725
201	0.527690
202	0.373356
203	0.210793
204	0.202830
205	0.201667
206	0.200258
207	0.433339
208	0.200864
209	0.569125
210	0.567620
211	0.435502
212	0.202596
213	0.376268
214	0.202185
215	0.540721
216	0.552765
217	0.204519
218	0.722308
219	0.589300
220	0.200719
221	0.220250
222	0.273633
223	0.703377
224	0.570548
225	0.638123
226	0.318113
227	0.652941
228	0.842555
229	0.976788
230	0.604580
231	0.676936
232	0.793335
233	0.765756
234	0.849817
235	0.857457
236	0.605431
237	0.617154
238	0.764938
239	0.580809
240	0.740871
241	0.794410
242	0.781909
243	0.694686
244	0.674181
245	0.585045
246	0.733054
247	0.663131
248	0.740470
249	0.710631
250	0.688266
251	0.675356
252	0.687084
253	0.587765
254	0.650443
255	0.749851
256	0.673595
257	0.647797
258	0.776876
259	0.754884
260	0.658222
261	0.733704
262	0.696677
263	0.675285
264	0.688666
265	0.690437
266	0.708273
267	0.708457
268	0.585125
269	0.728503
270	0.501384
271	0.512539
272	0.666551
274	0.723463
276	0.706410
277	0.669653
278	0.689961
279	0.676386
280	0.660888
282	0.636808
283	0.710117
284	0.666250
285	0.654012
286	0.693289
287	0.527269
288	0.633158
289	0.536647
290	0.787927
291	0.597981
292	0.628182
293	0.815582
294	0.686318
295	0.631896
296	0.590795
297	0.671949
298	0.672580
299	0.573759
300	0.670668
301	0.600431
302	0.528208
303	0.769465
304	0.767679
305	0.606042
306	0.546975
307	0.801203
308	0.716080
309	0.598942
310	0.476801
311	0.490537
312	0.637037
313	0.554682
314	0.655714
315	0.617442
316	0.510681
317	0.543643
318	0.632245
319	0.727958
320	0.630656
322	0.613650
323	0.640018
324	0.613937
325	0.570873
326	0.457231
327	0.599870
328	0.416991
329	0.568877
330	0.635245
331	0.668070
332	0.681636
333	0.501029
334	0.545995
335	0.590334
336	0.531079
337	0.553420
338	0.594357
339	0.640342
340	0.626428
341	0.639819
342	0.506988
343	0.646736
344	0.572615
345	0.647106
346	0.466908
347	0.673228
348	0.384126
349	0.562944
350	0.586240
351	0.423276
352	0.569448
353	0.618954
354	0.541987
355	0.560035
356	0.578893
357	0.542534
358	0.562905
359	0.583068
360	0.503852
361	0.490547
362	0.385802
363	0.571072
365	0.597949
366	0.407067
367	0.588908
368	0.533264
369	0.548163
370	0.572543
371	0.657708
373	0.522815
374	0.655044
376	0.623766
377	0.533368
378	0.688609
379	0.539720
380	0.541577
381	0.527243
382	0.647450
383	0.539709
384	0.415731
385	0.531821
386	0.469594
387	0.560678
388	0.584031
389	0.518004
390	0.390643
391	0.590644
392	0.650472
393	0.617353
394	0.602979
395	0.605094
396	0.632406
397	0.604801
398	0.452165
399	0.644706
400	0.710214
401	0.624065
402	0.675042
403	0.708452
404	0.790951
405	0.805171
406	0.809739
407	0.772961
408	0.717480
409	0.701880
410	0.792355
411	0.834494
412	0.806465
413	0.516414
415	0.640545
416	0.714762
417	0.702754
418	0.626143
419	0.735946
420	0.729376
422	0.681660
423	0.681640
426	0.649938
427	0.721315
428	0.779235
432	0.727931
435	0.778646
437	0.728237
440	0.736923
441	0.727315
446	0.710233
447	0.758028
448	0.692631
449	0.734699
451	0.662683
452	0.734286
453	0.714812
459	0.732055
461	0.648376
463	0.709323
467	0.699291
470	0.653466
472	0.756672
475	0.722431
477	0.657884
479	0.661032
480	0.774252
481	0.737916
482	0.733394
485	0.700202
487	0.811571
489	0.759048
490	0.647939
491	0.753094
492	0.755236
493	0.988301
495	0.713720
505	0.770018
507	0.690780
512	0.671140
513	0.686070
514	0.671524
519	0.742392
522	0.723287
523	0.767800
529	0.703784
530	0.600677
534	0.697244
535	0.687414
540	0.768625
548	0.766224
549	0.795900
556	0.737815
557	0.671023
562	0.659123
568	0.695751
570	0.747146
571	0.710102
578	0.697089
579	0.673149
580	0.667355
582	0.779112
584	0.812588
591	0.777798
592	0.750620
595	0.773591
602	0.736703
606	0.988831
607	0.802764
613	0.834599
614	0.733207
627	0.759667
633	0.902121
636	0.695999
645	0.777614
649	0.793181
651	0.710951
652	0.718751
669	0.799160
672	0.760064
681	0.797857
683	0.584661
694	0.983221
696	0.740505
699	0.662560
700	0.847510
707	0.786664
709	0.644275
713	0.660698
716	0.863873
717	0.661974
720	0.664622
721	0.250255
724	0.846214
727	0.460723
730	0.816106
731	0.810256
733	0.842961
734	0.780452
737	0.760329
740	0.813506
743	0.781316
744	0.835627
747	0.814343
749	0.783257
756	0.875911
757	0.986149
758	0.846076
759	0.816988
760	0.980970
763	0.615023
764	0.857154
769	0.718538
770	0.861332
771	0.737719
772	0.803349
775	0.771303
783	0.774138
785	0.850726
786	0.878175
788	0.877196
790	0.814568
791	0.692282
793	0.875394
794	0.884576
795	0.785747
796	0.883868
797	0.818422
798	0.700172
800	0.813110
801	0.862671
803	0.814804
804	0.886855
805	0.800458
806	0.881564
809	0.747030
811	0.875848
812	0.863920
813	0.786852
814	0.988105
815	0.850231
816	0.787798
821	0.290736
822	0.826721
824	0.849093
826	0.854222
827	0.880127
828	0.677597
829	0.988882
830	0.881634
831	0.889221
832	0.988413
833	0.884728
834	0.860357
835	0.836284
837	0.826099
838	0.982177
839	0.890361
841	0.850719
842	0.721527
843	0.892385
844	0.862602
845	0.887073
846	0.712605
847	0.819668
848	0.706967
849	0.853314
850	0.988806
851	0.890656
852	0.886426
853	0.891077
854	0.453389
855	0.798255
856	0.828543
857	0.805325
858	0.630560
859	0.747109
861	0.707872
862	0.895195
863	0.842889
864	0.798862
867	0.988934
870	0.799935
871	0.815606
872	0.817442
873	0.800546
874	0.978229
875	0.744871
876	0.810734
877	0.840318
878	0.805744
879	0.884979
880	0.793325
882	0.888020
883	0.770902
885	0.786124
887	0.824903
889	0.775064
890	0.718572
891	0.776755
892	0.812953
893	0.752185
894	0.837852
895	0.771582
896	0.829064
897	0.890585
900	0.745188
902	0.556954
903	0.770488
905	0.716819
906	0.859084
908	0.615026
909	0.888018
911	0.765070
912	0.874801
913	0.698003
914	0.811782
916	0.728841
919	0.859123
922	0.805920
923	0.763572
924	0.847470
925	0.892268
927	0.884342
932	0.825188
935	0.613350
938	0.844751
939	0.986971
940	0.805265
941	0.805412
942	0.868992
943	0.875606
944	0.987402
945	0.900069
947	0.874900
948	0.769198
949	0.871194
951	0.794406
954	0.829860
955	0.788685
956	0.857021
957	0.756877
958	0.839580
959	0.840354
960	0.866526
961	0.820237
962	0.863980
966	0.794966
967	0.833600
968	0.698191
969	0.815687
971	0.843295
974	0.840403
975	0.836997
976	0.799756
977	0.829474
978	0.593991
979	0.798848
980	0.770824
981	0.806649
982	0.841581
983	0.813700
984	0.839768
986	0.878942
988	0.794194
989	0.810842
991	0.849162
992	0.821290
993	0.800144
994	0.755740
995	0.839058
997	0.855675
998	0.761695
999	0.828196
1004	0.800166
1006	0.796636
1007	0.686647
1008	0.727105
1010	0.806637
1012	0.787139
1013	0.800490
1014	0.756540
1015	0.785859
1016	0.754392
1017	0.768822
1019	0.785804
1020	0.811996
1021	0.784500
1022	0.742313
1024	0.808138
1025	0.770547
1027	0.778818
1028	0.662636
1029	0.731442
1031	0.733933
1032	0.711401
1034	0.696360
1035	0.805782
1038	0.781077
1041	0.669537
1042	0.653446
1043	0.740053
1044	0.762584
1045	0.698332
1048	0.686881
1051	0.745966
1052	0.696161
1053	0.666237
1055	0.689384
1057	0.700138
1058	0.603137
1060	0.719401
1062	0.546456
1063	0.622230
1064	0.672553
1065	0.656880
1066	0.792458
1067	0.976770
1068	0.411011
1069	0.707099
1070	0.794665
1071	0.766943
1072	0.680046
1073	0.804907
1074	0.710155
1077	0.989695
1078	0.633680
1079	0.882160
1081	0.791219
1084	0.717028
1085	0.904298
1086	0.982003
1088	0.571626
1089	0.712679
1090	0.583015
1091	0.696353
1092	0.599500
1093	0.607224
1094	0.634237
1095	0.542918
1096	0.554594
1097	0.640879
1098	0.507177
1099	0.594153
1100	0.599528
1101	0.538920
1106	0.544458
1107	0.587236
1108	0.610351
1111	0.625801
1113	0.614532
1115	0.619560
1116	0.587145
1118	0.627787
1119	0.590391
1120	0.556172
1121	0.588899
1122	0.700898
1123	0.716092
1124	0.561974
1125	0.793778
1126	0.576408
1127	0.710481
1128	0.648031
1130	0.531189
1131	0.530995
1133	0.667321
1134	0.652561
1135	0.679965
1136	0.595383
1137	0.581269
1138	0.661946
1139	0.650914
1140	0.641461
1141	0.672790
1142	0.626620
1143	0.625762
1145	0.628803
1147	0.618807
1148	0.610276
1152	0.647063
1154	0.542875
1157	0.761748
1159	0.607450
1161	0.647612
1162	0.406646
1165	0.603909
1166	0.550908
1167	0.545137
1169	0.568560
1170	0.552685
1173	0.623061
1174	0.287938
1175	0.201199
1176	0.582984
1177	0.559480
1178	0.204379
1179	0.585993
1181	0.606979
1184	0.647344
1186	0.624141
1187	0.631978
1189	0.699228
1192	0.984902
1193	0.667528
1194	0.662464
1195	0.634947
1196	0.425371
1197	0.632529
1198	0.484216
1199	0.599513
1200	0.495418
1201	0.989729
1202	0.682040
1203	0.677177
1206	0.773136
1207	0.851800
1208	0.781335
1209	0.849137
1211	0.744945
1212	0.735689
1213	0.715965
1214	0.813957
1215	0.805169
1216	0.746202
1217	0.817796
1218	0.787498
1221	0.640634
1222	0.610012
1224	0.735131
1225	0.690626
1228	0.690608
1231	0.758782
1233	0.754035
1236	0.683781
1239	0.739097
1241	0.736758
1252	0.674266
1254	0.750449
1255	0.711951
1256	0.752527
1257	0.746521
1258	0.748036
1259	0.748291
1260	0.741228
1262	0.731575
1265	0.705220
1266	0.745095
1275	0.735230
1276	0.736657
1280	0.708936
1282	0.691243
1285	0.749219
1288	0.728804
1289	0.660150
1296	0.682098
1298	0.698237
1301	0.743688
1302	0.749878
1304	0.687410
1316	0.743928
1321	0.686534
1325	0.682229
1326	0.702108
1331	0.732548
1332	0.759339
1333	0.797632
1336	0.656336
1337	0.722560
1339	0.681926
1348	0.738850
1350	0.747356
1352	0.797435
1353	0.725187
1355	0.763502
1356	0.768401
1357	0.717523
1358	0.740050
1362	0.746158
1364	0.702683
1370	0.767227
1371	0.735462
1373	0.701061
1374	0.733995
1375	0.696191
1382	0.785401
1384	0.655046
1387	0.774465
1391	0.817078
1395	0.813486
1400	0.812273
1401	0.661194
1402	0.818272
1403	0.795510
1404	0.770993
1406	0.690173
1407	0.754764
1408	0.740208
1410	0.592934
1411	0.763885
1413	0.763822
1418	0.743240
1420	0.687837
1422	0.599445
1423	0.811776
1424	0.737473
1425	0.834695
1427	0.799384
1429	0.685133
1430	0.587339
1431	0.797800
1432	0.803300
1433	0.781307
1435	0.974895
1436	0.729424
1437	0.472634
1440	0.822147
1441	0.805198
1442	0.815088
1448	0.822777
1449	0.700348
1450	0.776953
1451	0.717510
1453	0.569140
1454	0.778727
1455	0.720099
1456	0.718136
1457	0.654355
1458	0.822063
1459	0.794389
1460	0.804076
1461	0.689284
1462	0.786861
1464	0.827215
1466	0.841330
1468	0.782419
1469	0.730674
1471	0.667611
1474	0.738568
1475	0.686979
1476	0.807902
1477	0.795914
1478	0.718224
1479	0.812966
1480	0.727973
1481	0.798068
1482	0.777435
1483	0.765979
1484	0.788520
1485	0.736603
1486	0.779291
1488	0.825291
1489	0.691098
1490	0.735585
1491	0.812811
1492	0.781694
1493	0.795934
1495	0.669928
1496	0.661423
1497	0.767867
1499	0.800698
1500	0.781185
1501	0.692042
1502	0.813105
1503	0.713882
1505	0.989766
1506	0.731426
1509	0.744794
1510	0.744276
1511	0.727611
1512	0.771500
1513	0.831057
1514	0.708005
1519	0.833277
1520	0.662255
1521	0.820244
1524	0.650604
1525	0.735618
1526	0.770603
1527	0.741693
1528	0.836822
1529	0.698790
1530	0.799096
1531	0.828492
1532	0.807899
1533	0.716230
1535	0.827909
1537	0.534694
1538	0.835748
1540	0.791634
1542	0.791142
1543	0.797989
1545	0.839529
1546	0.688697
1547	0.848786
1548	0.824229
1549	0.239381
1550	0.710005
1553	0.780726
1555	0.825930
1556	0.833930
1557	0.667437
1559	0.688488
1561	0.778502
1562	0.675713
1565	0.752496
1566	0.801806
1567	0.803794
1569	0.704314
1570	0.678144
1571	0.793024
1572	0.785635
1575	0.736512
1576	0.782278
1577	0.825878
1581	0.647181
1583	0.830378
1584	0.719447
1585	0.848969
1586	0.860252
1587	0.829092
1588	0.622287
1589	0.689425
1593	0.782399
1594	0.691839
1595	0.665059
1596	0.713743
1597	0.812692
1598	0.685294
1599	0.824529
1601	0.826353
1604	0.826703
1606	0.730813
1608	0.830809
1610	0.533719
1612	0.849345
1614	0.611952
1615	0.690721
1616	0.831050
1617	0.785212
1620	0.797425
1621	0.814218
1622	0.772079
1623	0.785808
1624	0.792156
1625	0.712245
1626	0.824148
1627	0.810668
1628	0.840401
1629	0.653893
1630	0.853941
1631	0.857864
1633	0.740133
1636	0.684650
1637	0.808485
1638	0.624599
1639	0.708264
1641	0.699069
1642	0.701538
1645	0.682924
1647	0.851745
1648	0.761199
1649	0.776020
1654	0.691169
1655	0.790842
1656	0.815544
1659	0.777223
1661	0.769961
1662	0.796320
1663	0.854781
1664	0.622475
1666	0.621991
1667	0.853590
1669	0.719691
1670	0.783718
1675	0.860752
1678	0.678773
1680	0.656908
1682	0.751251
1684	0.748065
1685	0.767828
1686	0.672406
1687	0.723878
1690	0.712249
1693	0.695793
1694	0.747557
1696	0.692386
1699	0.605761
1700	0.751343
1701	0.691106
1704	0.710100
1705	0.695031
1707	0.659544
1708	0.572437
1709	0.710038
1710	0.567970
1713	0.693586
1718	0.622599
1719	0.730029
1720	0.686277
1722	0.646614
1723	0.706267
1727	0.649208
1728	0.629735
1729	0.693727
1731	0.628085
1732	0.687617
1733	0.610601
1735	0.624529
1736	0.625264
1737	0.628996
1740	0.628029
1741	0.698560
1742	0.705890
1743	0.588984
1744	0.704760
1745	0.679439
1746	0.624591
1749	0.625145
1751	0.608586
1752	0.624409
1753	0.639470
1754	0.631869
1755	0.685257
1764	0.623008
1767	0.603467
1769	0.678804
1771	0.656557
1776	0.566067
1779	0.703750
1780	0.656875
1782	0.653320
1783	0.641154
1785	0.677027
1787	0.636246
1788	0.662970
1789	0.654795
1790	0.649483
1791	0.633906
1792	0.619898
1794	0.667881
1795	0.592575
1796	0.598047
1798	0.643338
1799	0.632351
1800	0.630021
1801	0.632371
1804	0.675786
1805	0.565081
1808	0.651823
1810	0.527858
1812	0.596817
1813	0.679798
1814	0.661950
1815	0.678998
1816	0.660983
1817	0.534927
1818	0.568894
1822	0.670560
1823	0.516992
1826	0.620946
1829	0.580435
1832	0.572309
1835	0.662277
1836	0.561067
1837	0.560769
1844	0.551732
1846	0.656652
1848	0.490492
1851	0.669671
1852	0.658555
1856	0.644006
1859	0.628187
1865	0.662962
1866	0.650791
1867	0.660691
1868	0.659770
1869	0.562568
1872	0.566046
1873	0.654860
1875	0.559254
1876	0.587561
1877	0.572558
1880	0.572352
1882	0.662393
1885	0.573587
1886	0.648093
1889	0.608155
1895	0.614930
1898	0.578766
1904	0.565522
1907	0.584455
1912	0.645539
1913	0.634781
1914	0.602564
1915	0.670367
1916	0.585393
1917	0.556262
1921	0.584082
1924	0.586130
1925	0.566718
1926	0.580878
1928	0.636156
1930	0.518536
1931	0.644299
1932	0.560198
1934	0.544837
1935	0.527536
1938	0.568123
1939	0.546477
1940	0.584120
1941	0.611525
1943	0.602137
1944	0.560977
1946	0.558462
1950	0.565682
1951	0.650465
1952	0.572161
1953	0.588024
1955	0.552009
1957	0.637328
1959	0.590394
1960	0.603079
1961	0.594349
1963	0.569049
1965	0.565305
1966	0.621145
1973	0.612252
1974	0.587451
1975	0.575041
1976	0.587537
1977	0.633271
1979	0.566348
1980	0.588732
1981	0.570397
1982	0.595892
1984	0.562793
1986	0.536123
1987	0.580916
1989	0.675429
1990	0.746837
1991	0.591763
1993	0.723793
1994	0.569750
1996	0.591715
1997	0.590293
1999	0.572039
2000	0.523353
2004	0.714711
2005	0.680569
2008	0.656768
2009	0.663365
2010	0.762169
2012	0.769306
2014	0.811195
2016	0.645728
2018	0.755365
2020	0.697455
2022	0.779108
2026	0.686672
2028	0.676633
2037	0.706485
2038	0.626830
2041	0.714946
2044	0.688469
2046	0.793412
2047	0.791864
2048	0.792919
2050	0.716079
2053	0.830241
2054	0.837828
2055	0.817999
2058	0.845492
2064	0.826199
2065	0.694424
2066	0.709867
2067	0.842258
2068	0.812903
2069	0.802181
2070	0.771848
2071	0.832264
2073	0.826746
2074	0.741073
2075	0.835883
2076	0.795039
2077	0.861615
2081	0.844544
2083	0.792548
2084	0.827235
2086	0.711831
2090	0.784044
2091	0.842560
2092	0.776121
2094	0.772857
2095	0.815116
2096	0.838747
2097	0.795220
2098	0.847853
2101	0.820265
2102	0.807454
2103	0.808652
2108	0.703445
2109	0.670918
2111	0.708135
2112	0.703692
2113	0.691203
2114	0.629208
2115	0.632418
2208	0.664676
2377	0.753699
2406	0.686751
2423	0.778147
2452	0.814772
2462	0.729512
2468	0.806607
2508	0.697886
2527	0.826182
2549	0.657031
2666	0.852893
2764	0.821812
2782	0.772729
2800	0.713418
2806	0.886552
2829	0.680933
2862	0.888607
2894	0.721567
2915	0.822483
2918	0.751039
2937	0.830125
2938	0.860419
2952	0.855473
2956	0.847737
2963	0.841426
2969	0.752318
3010	0.851449
3024	0.874947
3028	0.772698
3047	0.865781
3078	0.713922
3112	0.869345
3115	0.809112
3130	0.832454
3156	0.891448
3183	0.776831
3238	0.690322
3264	0.799478
3269	0.816281
3298	0.796059
3336	0.678988
3350	0.779455
3359	0.791076
3369	0.647774
3373	0.580578
3375	0.727327
3379	0.538851
3387	0.662357
3405	0.679097
3410	0.770151
3411	0.716886
3413	0.698076
3421	0.650548
3427	0.614278
3440	0.685429
3445	0.609684
3458	0.705123
3485	0.676907
3491	0.681140
3500	0.773670
3501	0.764389
3844	0.730044
3866	0.740443
3869	0.772470
3873	0.775302
3893	0.687431
3915	0.740836
3934	0.756460
3939	0.987459
3953	0.787751
3962	0.568905
3969	0.719416
3985	0.690047
4012	0.825921
4030	0.771151
4031	0.700951
4035	0.741576
4036	0.782495
4042	0.775633
4049	0.818566
4054	0.785797
4055	0.811794
4076	0.835134
4087	0.787984
4090	0.745288
4110	0.754619
4123	0.707956
4124	0.769007
4133	0.734264
4135	0.791695
4142	0.789137
4161	0.687257
4171	0.722905
4175	0.831359
4198	0.826982
4216	0.768117
4217	0.819521
4220	0.735120
4225	0.735079
4247	0.667383
4279	0.730594
4292	0.943043
4293	0.719063
4303	0.797010
4307	0.987398
4308	0.816084
4311	0.789344
4312	0.813214
4314	0.635599
4316	0.935049
4321	0.773888
4329	0.970815
4336	0.778359
4338	0.951816
4340	0.836903
4350	0.756445
4353	0.826896
4354	0.785418
4385	0.821315
4386	0.822117
4460	0.603684
4476	0.784445
4480	0.788210
4532	0.828045
4536	0.643529
4544	0.670624
4566	0.817592
4605	0.681815
4611	0.689301
4612	0.692131
4616	0.849116
4638	0.691439
4651	0.774042
4676	0.719714
4677	0.719868
4706	0.814504
4741	0.681234
4797	0.714113
4856	0.769721
4892	0.629083
4893	0.688473
4941	0.717944
4952	0.703556
4984	0.594267
5057	0.666135
5079	0.559230
5109	0.699026
5117	0.570580
5235	0.584403
5364	0.792506
5418	0.755314
5496	0.789516
6855	0.654682
6856	0.696658
6859	0.783969
6865	0.731450
6866	0.708306
6867	0.681976
6869	0.642654
6872	0.666343
6874	0.779220
6876	0.535803
6877	0.244122
6878	0.476132
6879	0.640161
6880	0.831114
6881	0.659711
6882	0.537964
6883	0.491868
6886	0.523113
6888	0.663241
6889	0.545134
6891	0.391625
6893	0.205707
6895	0.675721
6898	0.562291
6899	0.748718
6900	0.696636
6901	0.567610
6903	0.670631
6904	0.536345
6905	0.641377
6906	0.600778
6907	0.638913
6908	0.660835
6909	0.488861
6910	0.710441
6911	0.559078
6913	0.436693
6914	0.782495
6916	0.625382
6921	0.794566
6923	0.797093
6925	0.816976
6926	0.629999
6928	0.701728
6931	0.678886
6932	0.809784
6936	0.689860
6937	0.780077
6940	0.628023
6943	0.759053
6944	0.680435
6947	0.686213
6951	0.641070
6954	0.658471
6957	0.584554
6959	0.589657
6961	0.589747
6963	0.389080
6966	0.414066
6967	0.650740
6968	0.765126
6970	0.954254
6971	0.809100
6973	0.837969
6974	0.828052
6976	0.813641
6979	0.737541
6980	0.629087
6981	0.629130
6983	0.672323
6984	0.642977
6988	0.604704
6989	0.679730
6990	0.662263
6991	0.655241
6992	0.583561
6993	0.619515
6994	0.810920
6997	0.539545
6998	0.582212
6999	0.692099
7001	0.640053
7003	0.780134
7008	0.674136
7009	0.635648
7010	0.683647
7013	0.636879
7016	0.683804
7017	0.590366
7019	0.849679
7020	0.797690
7022	0.790173
7023	0.783606
7025	0.687650
7026	0.744969
7027	0.621943
7028	0.625674
7029	0.699423
7030	0.591162
7031	0.677192
7032	0.671898
7034	0.615055
7035	0.551917
7036	0.662563
7038	0.769280
7039	0.729664
7044	0.671601
7045	0.714789
7047	0.666330
7049	0.830115
7051	0.801019
7052	0.811171
7055	0.713471
7056	0.759973
7059	0.815452
7060	0.667986
7062	0.808537
7063	0.746302
7064	0.808035
7066	0.814062
7067	0.772974
7069	0.661592
7070	0.562396
7071	0.621196
7073	0.549766
7074	0.700040
7075	0.518024
7076	0.571824
7077	0.558041
7078	0.521719
7081	0.804976
7082	0.765505
7083	0.714698
7084	0.577231
7085	0.602449
7086	0.573484
7088	0.570908
7089	0.548684
7091	0.605385
7097	0.585214
7098	0.555709
7099	0.572982
7100	0.564260
7101	0.576962
7102	0.741582
7103	0.635585
7104	0.710548
7106	0.649971
7107	0.736222
7109	0.775661
7110	0.667844
7111	0.675624
7112	0.623225
7113	0.699766
7114	0.684670
7118	0.610115
7119	0.630585
7120	0.656736
7121	0.646501
7122	0.669932
7124	0.630227
7125	0.529265
7129	0.566095
7131	0.516796
7132	0.507188
7133	0.542533
7134	0.552618
7135	0.564767
7136	0.567251
7137	0.578378
7138	0.680368
7141	0.748422
7144	0.666517
7145	0.800934
7148	0.744853
7149	0.644887
7152	0.674230
7153	0.728517
7157	0.718741
7158	0.683855
7160	0.516609
7161	0.708133
7162	0.824831
7163	0.632967
7164	0.719822
7165	0.625742
7166	0.623084
7168	0.713870
7169	0.724096
7170	0.621820
7172	0.633771
7173	0.706060
7174	0.634920
7175	0.623594
7177	0.718898
7179	0.720465
7181	0.639190
7182	0.704544
7183	0.665094
7184	0.673089
7185	0.673478
7187	0.732830
7191	0.641356
7192	0.684643
7195	0.794533
7196	0.709378
7197	0.740007
7198	0.708735
7200	0.642832
7201	0.629213
7203	0.642568
7204	0.702893
7206	0.628981
7207	0.517821
7209	0.500880
7211	0.622482
7214	0.678744
7215	0.645587
7220	0.728659
7222	0.767492
7227	0.548347
7228	0.694625
7229	0.541305
7242	0.685293
7249	0.636179
7274	0.544288
7311	0.738186
7336	0.423449
7777	0.725250
10557	0.576982
27427	0.691061
27992	0.666263
27996	0.708127
28009	0.733710
28015	0.738937
28076	0.657035
28079	0.663843
28090	0.653642
28125	0.696394
38808	0.645110
99999	0.683393
