1	0.220662
2	0.216439
3	0.229108
4	0.223402
5	0.245995
6	0.225983
7	0.229112
8	0.234714
9	0.212462
10	0.230091
11	0.230667
12	0.219645
13	0.239263
14	0.219253
15	0.229283
16	0.232911
17	0.205945
18	0.221036
19	0.288795
20	0.205800
21	0.172560
22	0.244855
23	0.229900
24	0.228109
25	0.231523
26	0.132248
27	0.369380
28	0.226463
29	0.226476
30	0.225997
31	0.225951
32	0.218646
33	0.222088
34	0.215111
35	0.209136
36	0.215877
37	0.214376
38	0.214396
39	0.219379
40	0.227685
41	0.217954
42	0.231179
43	0.215765
44	0.217127
45	0.245582
46	0.236861
47	0.216882
48	0.266287
49	0.228338
50	0.220749
51	0.214294
52	0.216633
53	0.214951
54	0.213978
55	0.215386
56	0.233900
57	0.236609
58	0.237237
59	0.228451
60	0.228143
61	0.226218
62	0.226618
63	0.232848
64	0.203657
65	0.219878
66	0.233962
67	0.235408
68	0.218056
69	0.233148
70	0.230024
71	0.225767
72	0.220468
73	0.201596
74	0.218836
75	0.237050
76	0.214729
77	0.216744
78	0.250130
79	0.242140
80	0.205804
81	0.216168
82	0.215809
84	0.247714
85	0.205178
86	0.218434
87	0.214634
88	0.217823
89	0.229734
90	0.214147
91	0.216003
92	0.208924
93	0.221225
94	0.226270
95	0.198032
96	0.220591
97	0.211372
98	0.217263
99	0.217804
100	0.124160
101	0.224416
102	0.216882
103	0.260112
104	0.364169
105	0.219755
106	0.216538
107	0.232174
108	0.250665
109	0.204867
110	0.225296
111	0.218158
112	0.218738
113	0.242569
114	0.238440
115	0.220181
116	0.259080
117	0.211049
118	0.211087
119	0.131106
120	0.255683
121	0.265844
123	0.239581
124	0.250745
125	0.245051
126	0.242728
127	0.499954
128	0.277488
129	0.246227
131	0.217168
132	0.247084
133	0.223289
134	0.206346
135	0.205322
136	0.235150
137	0.496532
138	0.101002
139	0.235021
140	0.245107
141	0.229888
142	0.499579
143	0.301790
144	0.321290
145	0.282220
146	0.140045
147	0.190229
148	0.496428
149	0.499052
150	0.335116
151	0.499670
152	0.267424
153	0.213876
154	0.259673
155	0.337614
156	0.314598
157	0.281422
158	0.273131
159	0.283799
160	0.292041
161	0.270524
162	0.498916
163	0.264132
164	0.373519
165	0.457665
166	0.320325
167	0.332377
168	0.307259
169	0.372215
170	0.411972
171	0.335772
172	0.371782
173	0.145123
174	0.336643
175	0.336658
176	0.305810
177	0.324005
178	0.332897
179	0.322346
180	0.333441
181	0.322115
182	0.231241
183	0.275009
184	0.101268
185	0.249789
186	0.100233
187	0.246451
188	0.292161
189	0.239222
190	0.105273
191	0.256852
192	0.240316
193	0.266487
194	0.248865
195	0.245770
196	0.270985
197	0.314072
198	0.278751
199	0.219179
200	0.238262
201	0.226239
202	0.226908
203	0.100040
204	0.442817
205	0.175024
206	0.400660
207	0.100690
208	0.379960
209	0.247206
210	0.248058
211	0.156916
212	0.279303
213	0.227391
214	0.137977
215	0.243602
216	0.248229
217	0.156332
218	0.100348
219	0.253172
220	0.125527
221	0.167544
222	0.387261
223	0.256373
224	0.275066
225	0.225526
226	0.101055
227	0.225454
228	0.100593
229	0.106509
230	0.255878
231	0.282421
232	0.314800
233	0.282864
234	0.315299
235	0.271931
236	0.265643
237	0.252207
238	0.243074
239	0.224426
240	0.217731
241	0.268221
242	0.260801
243	0.227861
244	0.200866
245	0.225632
246	0.218917
247	0.199082
248	0.215814
249	0.238716
250	0.205616
251	0.204092
252	0.238763
253	0.227561
254	0.199114
255	0.222361
256	0.202085
257	0.196894
258	0.221181
259	0.246528
260	0.229669
261	0.220430
262	0.205959
263	0.203504
264	0.247293
265	0.202937
266	0.213488
267	0.212980
268	0.209038
269	0.218272
270	0.212621
271	0.216715
272	0.233673
274	0.219422
276	0.214714
277	0.215178
278	0.212739
279	0.205835
280	0.201991
282	0.209330
283	0.207191
284	0.240759
285	0.215064
286	0.247667
287	0.212829
288	0.242280
289	0.230173
290	0.216433
291	0.242627
292	0.209229
293	0.240112
294	0.215348
295	0.206435
296	0.227127
297	0.225899
298	0.199842
299	0.229005
300	0.223806
301	0.245744
302	0.219097
303	0.245292
304	0.240664
305	0.210037
306	0.237690
307	0.219032
308	0.230484
309	0.216847
310	0.217723
311	0.223925
312	0.245948
313	0.244686
314	0.214248
315	0.238421
316	0.230503
317	0.237641
318	0.242630
319	0.193465
320	0.213778
322	0.239463
323	0.246366
324	0.236088
325	0.248057
326	0.253853
327	0.264225
328	0.224185
329	0.255265
330	0.282768
331	0.285054
332	0.289005
333	0.245656
334	0.251864
335	0.229189
336	0.262305
337	0.258053
338	0.247021
339	0.261771
340	0.261972
341	0.263897
342	0.233248
343	0.261980
344	0.260653
345	0.286453
346	0.241162
347	0.282414
348	0.229903
349	0.243327
350	0.261327
351	0.237656
352	0.265652
353	0.247558
354	0.208460
355	0.246768
356	0.233259
357	0.219422
358	0.243145
359	0.216415
360	0.248125
361	0.244840
362	0.231288
363	0.258120
365	0.215276
366	0.232691
367	0.246931
368	0.207176
369	0.227656
370	0.212401
371	0.240965
373	0.224952
374	0.240391
376	0.227461
377	0.236018
378	0.242521
379	0.218023
380	0.242997
381	0.249800
382	0.210079
383	0.219904
384	0.228932
385	0.221555
386	0.229242
387	0.234241
388	0.231102
389	0.250676
390	0.232346
391	0.221252
392	0.241488
393	0.233255
394	0.222212
395	0.222808
396	0.228860
397	0.243878
398	0.231962
399	0.245680
400	0.284292
401	0.231470
402	0.232296
403	0.222501
404	0.238296
405	0.313495
406	0.256955
407	0.237490
408	0.235561
409	0.223750
410	0.273995
411	0.255153
412	0.252752
413	0.215335
415	0.225107
416	0.226629
417	0.221652
418	0.206851
419	0.216656
420	0.210538
422	0.234384
423	0.232126
426	0.198910
427	0.228553
428	0.264917
432	0.209902
435	0.223411
437	0.226386
440	0.224266
441	0.216861
446	0.209744
447	0.243630
448	0.211173
449	0.219070
451	0.212305
452	0.248585
453	0.227698
459	0.240973
461	0.197186
463	0.213538
467	0.223104
470	0.197201
472	0.231914
475	0.214219
477	0.201113
479	0.205854
480	0.247145
481	0.217393
482	0.215073
485	0.223133
487	0.253859
489	0.240541
490	0.202119
491	0.232687
492	0.225272
493	0.289311
495	0.227567
505	0.258583
507	0.237179
512	0.201207
513	0.206726
514	0.201601
519	0.221363
522	0.224968
523	0.240436
529	0.221899
530	0.197539
534	0.215470
535	0.217264
540	0.244357
548	0.248752
549	0.255897
556	0.213837
557	0.209290
562	0.205313
568	0.221123
570	0.225001
571	0.236913
578	0.232709
579	0.211305
580	0.212344
582	0.234796
584	0.252237
591	0.242477
592	0.237544
595	0.228134
602	0.219327
606	0.499706
607	0.267624
613	0.265819
614	0.217614
627	0.223682
633	0.215554
636	0.224335
645	0.216736
649	0.230734
651	0.104589
652	0.231985
669	0.290732
672	0.236446
681	0.265273
683	0.191301
694	0.229403
696	0.213353
699	0.208941
700	0.280103
707	0.244528
709	0.210195
713	0.242063
716	0.280175
717	0.202968
720	0.224135
721	0.116790
724	0.265193
727	0.101185
730	0.251180
731	0.246707
733	0.280409
734	0.217659
737	0.245600
740	0.268434
743	0.259700
744	0.257522
747	0.301363
749	0.251931
756	0.333728
757	0.398527
758	0.310194
759	0.256892
760	0.103333
763	0.193090
764	0.277952
769	0.219832
770	0.288235
771	0.205778
772	0.232812
775	0.270222
783	0.240211
785	0.299142
786	0.314413
788	0.294586
790	0.244772
791	0.199910
793	0.295913
794	0.323934
795	0.235491
796	0.322680
797	0.253812
798	0.219353
800	0.312781
801	0.345366
803	0.309018
804	0.307326
805	0.273208
806	0.354277
809	0.183312
811	0.358699
812	0.341264
813	0.276363
814	0.465480
815	0.255218
816	0.166016
821	0.101203
822	0.331745
824	0.295904
826	0.274994
827	0.308630
828	0.211866
829	0.452668
830	0.336345
831	0.317021
832	0.101003
833	0.343267
834	0.348128
835	0.274848
837	0.230694
838	0.383545
839	0.326435
841	0.249690
842	0.201083
843	0.322439
844	0.348388
845	0.324177
846	0.225261
847	0.255085
848	0.208280
849	0.260619
850	0.344740
851	0.301907
852	0.328020
853	0.335225
854	0.363128
855	0.234465
856	0.101095
857	0.306777
858	0.434300
859	0.205369
861	0.204868
862	0.321633
863	0.268111
864	0.282185
867	0.473502
870	0.259933
871	0.336528
872	0.280666
873	0.292994
874	0.235518
875	0.220843
876	0.314327
877	0.281257
878	0.266644
879	0.329356
880	0.499759
882	0.313413
883	0.273068
885	0.351721
887	0.498827
889	0.216301
890	0.241887
891	0.214883
892	0.262444
893	0.275656
894	0.499189
895	0.219758
896	0.281616
897	0.362646
900	0.249208
902	0.107197
903	0.282577
905	0.258602
906	0.318704
908	0.215831
909	0.321081
911	0.253496
912	0.338677
913	0.213509
914	0.280739
916	0.244982
919	0.353541
922	0.268870
923	0.280896
924	0.291620
925	0.372744
927	0.373363
932	0.280949
935	0.203871
938	0.317626
939	0.499210
940	0.308943
941	0.285842
942	0.317378
943	0.368829
944	0.494219
945	0.349045
947	0.334957
948	0.499332
949	0.326801
951	0.290284
954	0.325469
955	0.271128
956	0.363808
957	0.210599
958	0.321993
959	0.330716
960	0.360862
961	0.299242
962	0.364404
966	0.290184
967	0.304875
968	0.195496
969	0.298927
971	0.332994
974	0.331763
975	0.327117
976	0.280063
977	0.332131
978	0.208758
979	0.304801
980	0.256646
981	0.317658
982	0.337548
983	0.275738
984	0.347230
986	0.372863
988	0.293435
989	0.304564
991	0.348534
992	0.347720
993	0.280414
994	0.269594
995	0.338458
997	0.346101
998	0.233090
999	0.340195
1004	0.320696
1006	0.338201
1007	0.233752
1008	0.262488
1010	0.314094
1012	0.254851
1013	0.332230
1014	0.273180
1015	0.288404
1016	0.231766
1017	0.301314
1019	0.297672
1020	0.327239
1021	0.317259
1022	0.251692
1024	0.330980
1025	0.310887
1027	0.279168
1028	0.189250
1029	0.250020
1031	0.301902
1032	0.287941
1034	0.285413
1035	0.307423
1038	0.243271
1041	0.229549
1042	0.238617
1043	0.209618
1044	0.229203
1045	0.296221
1048	0.257214
1051	0.202516
1052	0.282685
1053	0.277142
1055	0.238494
1057	0.198537
1058	0.104923
1060	0.227532
1062	0.155787
1063	0.298420
1064	0.270189
1065	0.256081
1066	0.259106
1067	0.499217
1068	0.100565
1069	0.208888
1070	0.261492
1071	0.285781
1072	0.249258
1073	0.257244
1074	0.287055
1077	0.496317
1078	0.270958
1079	0.480954
1081	0.233807
1084	0.256051
1085	0.152951
1086	0.461446
1088	0.229868
1089	0.234654
1090	0.262383
1091	0.253348
1092	0.216714
1093	0.210969
1094	0.216134
1095	0.223985
1096	0.222050
1097	0.234507
1098	0.242992
1099	0.242095
1100	0.244781
1101	0.220687
1106	0.230142
1107	0.239536
1108	0.239850
1111	0.239349
1113	0.238956
1115	0.229960
1116	0.239850
1118	0.267479
1119	0.245516
1120	0.244551
1121	0.255390
1122	0.241607
1123	0.251119
1124	0.236517
1125	0.292734
1126	0.237587
1127	0.234792
1128	0.224727
1130	0.241131
1131	0.224632
1133	0.239360
1134	0.266051
1135	0.244986
1136	0.243771
1137	0.236246
1138	0.245351
1139	0.249037
1140	0.259657
1141	0.243531
1142	0.223758
1143	0.228647
1145	0.268611
1147	0.247197
1148	0.232391
1152	0.229972
1154	0.111754
1157	0.249163
1159	0.243875
1161	0.252526
1162	0.316338
1165	0.100008
1166	0.246250
1167	0.227335
1169	0.225012
1170	0.221765
1173	0.229719
1174	0.101073
1175	0.127835
1176	0.249821
1177	0.228462
1178	0.254358
1179	0.250725
1181	0.243993
1184	0.247890
1186	0.244345
1187	0.221743
1189	0.255121
1192	0.470709
1193	0.208053
1194	0.291019
1195	0.221011
1196	0.171761
1197	0.246068
1198	0.289348
1199	0.220823
1200	0.100089
1201	0.498306
1202	0.243001
1203	0.209458
1206	0.249100
1207	0.268672
1208	0.270899
1209	0.259737
1211	0.273808
1212	0.218742
1213	0.223357
1214	0.252616
1215	0.231937
1216	0.232956
1217	0.250144
1218	0.279277
1221	0.219910
1222	0.197682
1224	0.216669
1225	0.208566
1228	0.230296
1231	0.245986
1233	0.243885
1236	0.196240
1239	0.214677
1241	0.214500
1252	0.209742
1254	0.213798
1255	0.207707
1256	0.223214
1257	0.220440
1258	0.227190
1259	0.222502
1260	0.214167
1262	0.208865
1265	0.210152
1266	0.228428
1275	0.211540
1276	0.218655
1280	0.206345
1282	0.203805
1285	0.243594
1288	0.207782
1289	0.194702
1296	0.204533
1298	0.205072
1301	0.215177
1302	0.222361
1304	0.200207
1316	0.227903
1321	0.204925
1325	0.204146
1326	0.221822
1331	0.217824
1332	0.234396
1333	0.226499
1336	0.208766
1337	0.226975
1339	0.232717
1348	0.254260
1350	0.212582
1352	0.230570
1353	0.206299
1355	0.243476
1356	0.244179
1357	0.223982
1358	0.234138
1362	0.212100
1364	0.211835
1370	0.252990
1371	0.257725
1373	0.220070
1374	0.210705
1375	0.213089
1382	0.224714
1384	0.212003
1387	0.247406
1391	0.239187
1395	0.232699
1400	0.263941
1401	0.240095
1402	0.237030
1403	0.214884
1404	0.221958
1406	0.203470
1407	0.228567
1408	0.214343
1410	0.108765
1411	0.216374
1413	0.219473
1418	0.249986
1420	0.203246
1422	0.100032
1423	0.102334
1424	0.216392
1425	0.284928
1427	0.222653
1429	0.202095
1430	0.113587
1431	0.236770
1432	0.230436
1433	0.237116
1435	0.241631
1436	0.223306
1437	0.101154
1440	0.224177
1441	0.258602
1442	0.238396
1448	0.236310
1449	0.209330
1450	0.231283
1451	0.207096
1453	0.100590
1454	0.259169
1455	0.218862
1456	0.216598
1457	0.220947
1458	0.255253
1459	0.239093
1460	0.230941
1461	0.199766
1462	0.237239
1464	0.239573
1466	0.226035
1468	0.265217
1469	0.220865
1471	0.210777
1474	0.233959
1475	0.211875
1476	0.222073
1477	0.232217
1478	0.207510
1479	0.249918
1480	0.200230
1481	0.243316
1482	0.212737
1483	0.212793
1484	0.238517
1485	0.219726
1486	0.210997
1488	0.218189
1489	0.198488
1490	0.201721
1491	0.221403
1492	0.234635
1493	0.214728
1495	0.211194
1496	0.210345
1497	0.216405
1499	0.241898
1500	0.236400
1501	0.234074
1502	0.226630
1503	0.203623
1505	0.343307
1506	0.215261
1509	0.221309
1510	0.217829
1511	0.219591
1512	0.217516
1513	0.247142
1514	0.100021
1519	0.255091
1520	0.192540
1521	0.230240
1524	0.207569
1525	0.249495
1526	0.207551
1527	0.218515
1528	0.252765
1529	0.220752
1530	0.255544
1531	0.253408
1532	0.243420
1533	0.198746
1535	0.239132
1537	0.218833
1538	0.248117
1540	0.252849
1542	0.254546
1543	0.214981
1545	0.254275
1546	0.199308
1547	0.258259
1548	0.258908
1549	0.100001
1550	0.100046
1553	0.223365
1555	0.257910
1556	0.285603
1557	0.205607
1559	0.238292
1561	0.206374
1562	0.195006
1565	0.219216
1566	0.220884
1567	0.201161
1569	0.214438
1570	0.173434
1571	0.224668
1572	0.250039
1575	0.244768
1576	0.264050
1577	0.256228
1581	0.213785
1583	0.232004
1584	0.222767
1585	0.264817
1586	0.261186
1587	0.257575
1588	0.207748
1589	0.214138
1593	0.249285
1594	0.201750
1595	0.194736
1596	0.203568
1597	0.244516
1598	0.199576
1599	0.214019
1601	0.255699
1604	0.250818
1606	0.240158
1608	0.258053
1610	0.230204
1612	0.266700
1614	0.200481
1615	0.210655
1616	0.281432
1617	0.211581
1620	0.233726
1621	0.257278
1622	0.219497
1623	0.264130
1624	0.216530
1625	0.205557
1626	0.273916
1627	0.233065
1628	0.293748
1629	0.209450
1630	0.305368
1631	0.292041
1633	0.224883
1636	0.206946
1637	0.215013
1638	0.202636
1639	0.211726
1641	0.255508
1642	0.211570
1645	0.199005
1647	0.283966
1648	0.213310
1649	0.210637
1654	0.213956
1655	0.236982
1656	0.292861
1659	0.253595
1661	0.249993
1662	0.247940
1663	0.289290
1664	0.203673
1666	0.216455
1667	0.281686
1669	0.232896
1670	0.263955
1675	0.290193
1678	0.213145
1680	0.233393
1682	0.238763
1684	0.248380
1685	0.258175
1686	0.223637
1687	0.218176
1690	0.225621
1693	0.223822
1694	0.262011
1696	0.229343
1699	0.203726
1700	0.266703
1701	0.227199
1704	0.235511
1705	0.228925
1707	0.195809
1708	0.221382
1709	0.231535
1710	0.219926
1713	0.223658
1718	0.200216
1719	0.249179
1720	0.211603
1722	0.218775
1723	0.228321
1727	0.217662
1728	0.207524
1729	0.247902
1731	0.197605
1732	0.226227
1733	0.220748
1735	0.197059
1736	0.212533
1737	0.208942
1740	0.209840
1741	0.227579
1742	0.221751
1743	0.216609
1744	0.215986
1745	0.230626
1746	0.215071
1749	0.205774
1751	0.207608
1752	0.208174
1753	0.240604
1754	0.219581
1755	0.223415
1764	0.207396
1767	0.242823
1769	0.232230
1771	0.269466
1776	0.239071
1779	0.232754
1780	0.243255
1782	0.225823
1783	0.226971
1785	0.205007
1787	0.233360
1788	0.251770
1789	0.237143
1790	0.262873
1791	0.208893
1792	0.244426
1794	0.281308
1795	0.229241
1796	0.236221
1798	0.275190
1799	0.267311
1800	0.208271
1801	0.269088
1804	0.267503
1805	0.236486
1808	0.259111
1810	0.220761
1812	0.238014
1813	0.260007
1814	0.275902
1815	0.266734
1816	0.287601
1817	0.213620
1818	0.235038
1822	0.285249
1823	0.222036
1826	0.247454
1829	0.234932
1832	0.239012
1835	0.256159
1836	0.238001
1837	0.242961
1844	0.236560
1846	0.267426
1848	0.218760
1851	0.286534
1852	0.286640
1856	0.252337
1859	0.282721
1865	0.275201
1866	0.265062
1867	0.266265
1868	0.267938
1869	0.245163
1872	0.254556
1873	0.259339
1875	0.243938
1876	0.257001
1877	0.239853
1880	0.240718
1882	0.264211
1885	0.240187
1886	0.262798
1889	0.266418
1895	0.260611
1898	0.260394
1904	0.243206
1907	0.261063
1912	0.264308
1913	0.267490
1914	0.265125
1915	0.267233
1916	0.254039
1917	0.234141
1921	0.246778
1924	0.250045
1925	0.236573
1926	0.237157
1928	0.265257
1930	0.229581
1931	0.233819
1932	0.234659
1934	0.227305
1935	0.207037
1938	0.244820
1939	0.241404
1940	0.260719
1941	0.213546
1943	0.213262
1944	0.254715
1946	0.249190
1950	0.252648
1951	0.228439
1952	0.250041
1953	0.239821
1955	0.237622
1957	0.236714
1959	0.236478
1960	0.222677
1961	0.240922
1963	0.241344
1965	0.227356
1966	0.227055
1973	0.228942
1974	0.237089
1975	0.250444
1976	0.237943
1977	0.217211
1979	0.254689
1980	0.242458
1981	0.225878
1982	0.250346
1984	0.229332
1986	0.225443
1987	0.241560
1989	0.234033
1990	0.265008
1991	0.244854
1993	0.251007
1994	0.238822
1996	0.237864
1997	0.257696
1999	0.252965
2000	0.226096
2004	0.236177
2005	0.248165
2008	0.238895
2009	0.252816
2010	0.236108
2012	0.222717
2014	0.228604
2016	0.239422
2018	0.216361
2020	0.306798
2022	0.234851
2026	0.238069
2028	0.226014
2037	0.253254
2038	0.222170
2041	0.250616
2044	0.245134
2046	0.209837
2047	0.217635
2048	0.211478
2050	0.248749
2053	0.262196
2054	0.288956
2055	0.300957
2058	0.280436
2064	0.255496
2065	0.241334
2066	0.247162
2067	0.271405
2068	0.225004
2069	0.258334
2070	0.242495
2071	0.271969
2073	0.268575
2074	0.215567
2075	0.237100
2076	0.226374
2077	0.288763
2081	0.255105
2083	0.238657
2084	0.229380
2086	0.203136
2090	0.213546
2091	0.251503
2092	0.239651
2094	0.205010
2095	0.245840
2096	0.258251
2097	0.232826
2098	0.247882
2101	0.244188
2102	0.241287
2103	0.229924
2108	0.223786
2109	0.206166
2111	0.219987
2112	0.220188
2113	0.216981
2114	0.204944
2115	0.200792
2208	0.201844
2377	0.237480
2406	0.215595
2423	0.241697
2452	0.252161
2462	0.212871
2468	0.175471
2508	0.205282
2527	0.243683
2549	0.204360
2666	0.308396
2764	0.268147
2782	0.252934
2800	0.244156
2806	0.300407
2829	0.224986
2862	0.301820
2894	0.236258
2915	0.241415
2918	0.241813
2937	0.249900
2938	0.272284
2952	0.268427
2956	0.334146
2963	0.335321
2969	0.237382
3010	0.313473
3024	0.287036
3028	0.290800
3047	0.281107
3078	0.236418
3112	0.327767
3115	0.268235
3130	0.292985
3156	0.336928
3183	0.232312
3238	0.215083
3264	0.314890
3269	0.342760
3298	0.299703
3336	0.262947
3350	0.216699
3359	0.234564
3369	0.245996
3373	0.230246
3375	0.207591
3379	0.227886
3387	0.226509
3405	0.235586
3410	0.242262
3411	0.232974
3413	0.218188
3421	0.250208
3427	0.227421
3440	0.246104
3445	0.240230
3458	0.225961
3485	0.228200
3491	0.237562
3500	0.244219
3501	0.213093
3844	0.208303
3866	0.217877
3869	0.224110
3873	0.225092
3893	0.203632
3915	0.215955
3934	0.225431
3939	0.491749
3953	0.221700
3962	0.102259
3969	0.215112
3985	0.161842
4012	0.240735
4030	0.216498
4031	0.101191
4035	0.220063
4036	0.206592
4042	0.211421
4049	0.287120
4054	0.214839
4055	0.239127
4076	0.221358
4087	0.210334
4090	0.211512
4110	0.248554
4123	0.207853
4124	0.201352
4133	0.204050
4135	0.206014
4142	0.230273
4161	0.205406
4171	0.213588
4175	0.261462
4198	0.242402
4216	0.226835
4217	0.214397
4220	0.202051
4225	0.207678
4247	0.211206
4279	0.214265
4292	0.100870
4293	0.211039
4303	0.234597
4307	0.497919
4308	0.206584
4311	0.100065
4312	0.208218
4314	0.100587
4316	0.100024
4321	0.100723
4329	0.354235
4336	0.222478
4338	0.109096
4340	0.226914
4350	0.100078
4353	0.215843
4354	0.230841
4385	0.237871
4386	0.225316
4460	0.193569
4476	0.218314
4480	0.223878
4532	0.246944
4536	0.203520
4544	0.209522
4566	0.230784
4605	0.212728
4611	0.212894
4612	0.203444
4616	0.270747
4638	0.215827
4651	0.218646
4676	0.233240
4677	0.244729
4706	0.227271
4741	0.203809
4797	0.215221
4856	0.235943
4892	0.198747
4893	0.217797
4941	0.225298
4952	0.222483
4984	0.206866
5057	0.289589
5079	0.239603
5109	0.241935
5117	0.237189
5235	0.230277
5364	0.259574
5418	0.211140
5496	0.225938
6855	0.199835
6856	0.211765
6859	0.222965
6865	0.222487
6866	0.214289
6867	0.228343
6869	0.195140
6872	0.257615
6874	0.100500
6876	0.227281
6877	0.322064
6878	0.230568
6879	0.219176
6880	0.214265
6881	0.229445
6882	0.221884
6883	0.242673
6886	0.225565
6888	0.262919
6889	0.244672
6891	0.110961
6893	0.433013
6895	0.282143
6898	0.237944
6899	0.233266
6900	0.237387
6901	0.240272
6903	0.222601
6904	0.224227
6905	0.249616
6906	0.234256
6907	0.200934
6908	0.247533
6909	0.226054
6910	0.223350
6911	0.236852
6913	0.228059
6914	0.202083
6916	0.270871
6921	0.248030
6923	0.252172
6925	0.230932
6926	0.195734
6928	0.201223
6931	0.221532
6932	0.244008
6936	0.207219
6937	0.226446
6940	0.196230
6943	0.210836
6944	0.206563
6947	0.213287
6951	0.247094
6954	0.263168
6957	0.237930
6959	0.232514
6961	0.236860
6963	0.228480
6966	0.227742
6967	0.195661
6968	0.241747
6970	0.100021
6971	0.236057
6973	0.269196
6974	0.256644
6976	0.250512
6979	0.235183
6980	0.245201
6981	0.202688
6983	0.204361
6984	0.208480
6988	0.232833
6989	0.204669
6990	0.205053
6991	0.213805
6992	0.253103
6993	0.209230
6994	0.213886
6997	0.233163
6998	0.230208
6999	0.248041
7001	0.221177
7003	0.272586
7008	0.222880
7009	0.211230
7010	0.210970
7013	0.201723
7016	0.207226
7017	0.224921
7019	0.241389
7020	0.210853
7022	0.202279
7023	0.212166
7025	0.211609
7026	0.246777
7027	0.203397
7028	0.210188
7029	0.201741
7030	0.213276
7031	0.209052
7032	0.208541
7034	0.208114
7035	0.244169
7036	0.235529
7038	0.223713
7039	0.210377
7044	0.207912
7045	0.215354
7047	0.210161
7049	0.235485
7051	0.200715
7052	0.226758
7055	0.227252
7056	0.217398
7059	0.194287
7060	0.194218
7062	0.228555
7063	0.207329
7064	0.226916
7066	0.240037
7067	0.220874
7069	0.207257
7070	0.240284
7071	0.246770
7073	0.222760
7074	0.211642
7075	0.223873
7076	0.232022
7077	0.238232
7078	0.221603
7081	0.220621
7082	0.230413
7083	0.213840
7084	0.240396
7085	0.230815
7086	0.228471
7088	0.241449
7089	0.235307
7091	0.222642
7097	0.209312
7098	0.224952
7099	0.234414
7100	0.220659
7101	0.249851
7102	0.243431
7103	0.206382
7104	0.240142
7106	0.215975
7107	0.254581
7109	0.234031
7110	0.199054
7111	0.217580
7112	0.220883
7113	0.199403
7114	0.203542
7118	0.197912
7119	0.220787
7120	0.229256
7121	0.206470
7122	0.202552
7124	0.210330
7125	0.236575
7129	0.233564
7131	0.224794
7132	0.224839
7133	0.240529
7134	0.231200
7135	0.240177
7136	0.241557
7137	0.209939
7138	0.207824
7141	0.229562
7144	0.225028
7145	0.221391
7148	0.246120
7149	0.202014
7152	0.203383
7153	0.209857
7157	0.207071
7158	0.243391
7160	0.220791
7161	0.230590
7162	0.225572
7163	0.201044
7164	0.231824
7165	0.214290
7166	0.206245
7168	0.239201
7169	0.243420
7170	0.200118
7172	0.200794
7173	0.237333
7174	0.201990
7175	0.200583
7177	0.239837
7179	0.233063
7181	0.206609
7182	0.215154
7183	0.209764
7184	0.203299
7185	0.202143
7187	0.233090
7191	0.209638
7192	0.211943
7195	0.210656
7196	0.233154
7197	0.230427
7198	0.230737
7200	0.206965
7201	0.200575
7203	0.212728
7204	0.220598
7206	0.217964
7207	0.222475
7209	0.215525
7211	0.211460
7214	0.208141
7215	0.209405
7220	0.206895
7222	0.232973
7227	0.247529
7228	0.203000
7229	0.223679
7242	0.199627
7249	0.248849
7274	0.141849
7311	0.217084
7336	0.233141
7777	0.255841
10557	0.242637
27427	0.228954
27992	0.222760
27996	0.214922
28009	0.253872
28015	0.246506
28076	0.201946
28079	0.199584
28090	0.199939
28125	0.249822
38808	0.198862
99999	0.209319
